0 0 1 
0.00467579 0.0904416 0.904883 
0.0175007 0.163605 0.818894 
0.0368671 0.221982 0.741151 
0.0614014 0.267743 0.670856 
0.0899343 0.302778 0.607288 
0.121474 0.328728 0.549798 
0.155181 0.347019 0.4978 
0.190352 0.358883 0.450765 
0.226398 0.365388 0.408214 
0.262829 0.367455 0.369716 
0.299242 0.365876 0.334882 
0.335307 0.361333 0.30336 
0.370759 0.354409 0.274832 
0.405385 0.345603 0.249012 
0.439021 0.33534 0.225639 
0.471539 0.323981 0.20448 
0.502848 0.311828 0.185324 
0.532882 0.29914 0.167979 
0.5616 0.286129 0.152272 
0.58898 0.272973 0.138047 
0.615017 0.25982 0.125164 
0.639718 0.246788 0.113494 
0.663103 0.233975 0.102922 
0.685197 0.221458 0.0933442 
0.706036 0.209298 0.0846662 
0.725659 0.197539 0.0768026 
0.744108 0.186216 0.0696763 
0.761429 0.175353 0.0632176 
0.777672 0.164965 0.0573635 
0.792883 0.15506 0.0520568 
0.807114 0.14564 0.0472459 
0.820414 0.136702 0.0428841 
0.83283 0.128241 0.0389291 
0.844412 0.120246 0.0353426 
0.855206 0.112704 0.0320901 
0.865257 0.105603 0.0291401 
0.87461 0.0989257 0.0264643 
0.883307 0.0926562 0.0240369 
0.891388 0.0867772 0.0218348 
0.898892 0.081271 0.0198368 
0.905856 0.0761197 0.0180239 
0.912316 0.0713054 0.0163788 
0.918304 0.0668106 0.0148858 
0.923852 0.0626177 0.0135308 
0.928989 0.0587101 0.0123008 
0.933745 0.055071 0.0111843 
0.938144 0.0516848 0.0101708 
0.942213 0.0485361 0.00925053 
0.945975 0.0456103 0.00841498 
0.94945 0.0428932 0.00765626 
0.952661 0.0403717 0.00696726 
0.955626 0.0380328 0.00634151 
0.958362 0.0358647 0.00577317 
0.960887 0.0338558 0.00525692 
0.963217 0.0319955 0.00478797 
0.965365 0.0302735 0.00436193 
0.967345 0.0286802 0.00397487 
0.96917 0.0272068 0.00362318 
0.970852 0.0258447 0.00330361 
0.972401 0.0245861 0.00301321 
0.973827 0.0234234 0.00274929 
0.975141 0.0223498 0.00250943 
0.97635 0.0213588 0.00229141 
0.977462 0.0204444 0.00209323 
0.978486 0.0196008 0.00191307 
0.979428 0.0188229 0.00174929 
0.980294 0.0181057 0.00160039 
0.98109 0.0174447 0.00146499 
0.981822 0.0168357 0.00134188 
0.982495 0.0162747 0.00122993 
0.983114 0.015758 0.00112812 
0.983682 0.0152823 0.00103553 
0.984204 0.0148445 0.000951315 
0.984684 0.0144415 0.000874714 
0.985124 0.0140707 0.000805035 
0.985529 0.0137296 0.000741649 
0.9859 0.013416 0.000683983 
0.986241 0.0131275 0.00063152 
0.986554 0.0128624 0.000583785 
0.986841 0.0126186 0.000540352 
0.987105 0.0123946 0.000500828 
0.987346 0.0121888 0.000464863 
0.987568 0.0119997 0.00043213 
0.987772 0.011826 0.000402342 
0.987958 0.0116665 0.00037523 
0.988129 0.01152 0.000350552 
0.988286 0.0113855 0.000328089 
0.98843 0.011262 0.000307642 
0.988562 0.0111486 0.000289027 
0.988683 0.0110446 0.000272082 
0.988794 0.0109492 0.000256653 
0.988896 0.0108616 0.000242606 
0.988989 0.0107812 0.000229816 
0.989074 0.0107075 0.000218169 
0.989153 0.0106399 0.000207564 
0.989224 0.0105779 0.000197906 
0.98929 0.0105211 0.000189111 
0.98935 0.0104689 0.000181102 
0.989405 0.0104211 0.000173807 
